Windows build
Find the string
Replace with
Windows 11 RTM (
21H2 – 22000.258)
39 81 3C 06 00 00 0F 84 4F 68 01 00
B8 00 01 00 00 89 81 38 06 00 00 90
Windows 10 x64 21H2
39 81 3C 06 00 00 0F 84 DB 61 01 00
B8 00 01 00 00 89 81 38 06 00 00 90
Windows 10 x64 21H1
39 81 3C 06 00 00 0F 84 2B 5F 01 00
B8 00 01 00 00 89 81 38 06 00 00 90
Windows 10 x64 20H2
39 81 3C 06 00 00 0F 84 21 68 01 00
B8 00 01 00 00 89 81 38 06 00 00 90
Windows 10 x64 2004
39 81 3C 06 00 00 0F 84 D9 51 01 00
B8 00 01 00 00 89 81 38 06 00 00 90
Windows 10 x64 1909
39 81 3C 06 00 00 0F 84 5D 61 01 00
B8 00 01 00 00 89 81 38 06 00 00 90
Windows 10 x64 1903
39 81 3C 06 00 00 0F 84 5D 61 01 00
B8 00 01 00 00 89 81 38 06 00 00 90
Windows 10 x64 1809 and Windows Server 2019
39 81 3C 06 00 00 0F 84 3B 2B 01 00
B8 00 01 00 00 89 81 38 06 00 00 90
Windows 10 x64 1803
8B 99 3C 06 00 00 8B B9 38 06 00 00
B8 00 01 00 00 89 81 38 06 00 00 90
Windows 10 x64 1709
39 81 3C 06 00 00 0F 84 B1 7D 02 00
B8 00 01 00 00 89 81 38 06 00 00 90

